x = 
 0.0153
-0.1537
-0.1882
 0.1895
-0.0133
 0.0570
 0.0029
-0.0468
 0.1035
 0.0340
 0.0240
-0.0829
 0.1500
-0.1719
-0.0341
 0.0458
-0.0288
 0.0322
-0.0393
-0.0564
 0.0598
-0.0838
-0.0254
-0.0028
 0.0829
 0.0081
 0.0130
 0.0207
-0.0983
 0.0465
-0.0551
-0.1118
 0.0247
 0.0536
 0.0627
 0.1038
-0.0071
 0.0537
 0.0779
 0.0041
 0.0868
-0.1229
-0.1027
 0.0738
-0.0743
 0.0685
-0.1320
-0.0376
 0.0175
-0.0170
 0.0738
-0.0830
 0.0325
-0.0428
-0.0325
 0.0890
-0.0645
-0.1350
-0.0252
 0.1308
 0.0410
-0.0362
-0.0164
 0.1871
-0.0480
-0.0909
-0.0604
 0.0513
-0.0004
 0.0976
-0.0374
-0.0669
-0.0094
-0.0630
 0.0199
 0.0284
-0.0698
 0.0047
-0.1493
-0.0916
 0.0897
-0.0933
 0.0590
 0.1719
 0.0251
-0.0946
-0.0683
 0.0972
-0.0147
-0.0390
-0.0714
-0.1851
 0.1659
 0.0722
-0.0110
 0.0535
-0.0110
-0.0388
-0.0822
 0.0804
-0.1699
-0.1329
-0.0783
-0.1128
 0.0189
-0.2941
-0.0411
-0.0455
 0.1162
 0.0715
 0.0557
-0.0155
 0.0301
-0.0821
 0.0941
 0.0199
-0.0445
-0.0810
 0.0199
-0.1112
-0.1057
 0.0189
 0.0188
-0.2079
-0.1772
-0.1391
 0.0219
-0.0194
 0.0006
-0.0780
-0.0798
-0.1145
 0.1181
 0.1663
 0.1198
 0.0460
-0.1181
 0.0131
 0.0830
 0.0289
-0.0162
 0.1113
-0.0749
 0.0457
-0.0228
-0.1302
 0.0202
-0.0554
-0.1429
-0.0383
 0.0452
 0.1351
-0.0527
 0.0480
-0.1752
 0.0423
-0.0117
-0.1646
-0.1700
 0.0475
 0.1202
 0.0793
-0.0354
 0.0844
 0.1421
 0.0543
 0.1330
-0.1591
 0.1218
 0.0401
 0.0747
 0.0311
 0.0794
-0.0232
 0.0164
 0.0504
 0.1340
 0.0127
-0.0429
 0.0787
 0.1030
 0.0147
 0.0301
-0.0268
 0.1304
-0.0757
-0.0113
 0.0347
 0.0726
-0.0663
-0.0560
 0.1442
 0.0039
-0.0427
 0.1147
-0.1467
-0.0403
-0.0357
 0.0233
-0.1228
-0.0054
 0.0137
 0.1315
 0.0360
 0.0432
 0.0598
-0.1454
-0.1198
 0.1330
 0.0120
 0.0935
 0.0428
-0.0355
-0.1774
 0.0343
-0.1436
-0.1374
-0.1289
-0.0670
 0.0905
 0.0087
-0.1406
-0.0848
-0.0765
 0.0505
 0.0243
 0.0835
-0.0465
-0.1126
-0.0610
-0.0747
-0.0317
 0.0073
 0.0278
-0.0339
 0.0773
 0.0002
-0.0471
 0.0938
 0.1694
-0.0451
-0.0393
 0.2330
 0.0287
 0.0472
 0.1284
-0.0456
-0.1183
-0.1229
 0.1067
 0.0401
 0.0166
-0.0564
-0.0123
 0.0039
 0.0237
 0.0723
-0.0379
-0.1502
 0.1887
-0.0408
-0.0535
 0.0340
 0.0728
 0.1029
 0.0101
-0.0464
 0.0427
-0.1731
 0.0757
 0.0996
-0.0326
-0.0908
-0.0011
-0.1871
-0.0192
-0.0171
 0.0406
-0.1552
-0.0492
-0.0695
-0.0861
 0.1926
 0.0710
 0.1056
-0.1592
-0.0720
-0.0209
 0.1462
 0.0127
-0.0627
-0.0118
 0.0118
 0.0677
-0.1146
 0.1877
 0.0729
 0.0155
 0.0176
 0.0306
-0.0930
-0.2601
 0.0653
 0.0697
 0.0080
 0.1330
-0.2115
-0.0921
-0.0729
-0.0066
-0.1641
 0.0434
 0.0266
-0.1601
 0.1733
-0.0400
 0.0321
 0.0140
-0.0732
-0.0224
-0.0339
 0.1402
-0.0307
-0.0156
 0.0223
-0.1120
-0.0239
-0.1830
 0.0985
 0.0301
-0.1274
-0.0424
-0.1016
-0.0562
-0.0056
-0.0539
 0.0312
 0.0769
-0.0954
 0.2983
-0.0346
 0.0092
 0.1171
 0.2150
-0.0041
 0.0399
-0.1796
 0.0048
 0.0458
-0.0185
 0.0687
-0.0474
 0.0365
 0.1065
-0.0229
-0.0172
-0.1110
 0.0879
-0.1137
-0.0912
-0.1158
 0.0324
 0.0827
-0.0592
 0.0101
 0.0054
-0.0904
-0.0762
 0.1153
-0.0116
 0.0236
-0.0066
 0.1459
 0.0942
-0.0791
-0.1266
-0.0685
-0.0180
-0.0299
-0.0439
 0.0735
-0.0376
 0.0723
 0.2221
-0.0319
-0.0050
 0.0623
-0.0604
-0.0438
 0.1458
-0.0125
 0.0851
 0.0852
-0.0080
-0.0826
 0.0666
-0.0382
-0.0561
-0.1119
 0.1441
-0.0358
 0.1121
 0.2181
-0.1093
 0.0295
-0.0150
 0.0513
 0.1161
-0.0236
 0.0354
-0.1578
-0.0293
-0.1379
 0.0224
 0.0129
-0.0389
 0.0616
 0.0793
-0.0183
-0.1111
-0.0560
-0.1053
 0.1024
 0.1714
 0.1216
 0.1372
 0.0783
 0.0436
 0.0202
 0.0069
-0.1689
-0.0309
-0.1263
-0.0653
-0.0771
-0.0596
-0.0570
 0.0194
-0.0388
-0.0435
-0.0256
-0.1494
-0.1201
-0.1410
-0.1297
-0.0095
-0.2153
-0.0108
 0.0487
-0.1838
 0.0939
 0.0497
 0.0265
-0.0242
 0.0685
 0.2557
 0.0960
-0.1985
-0.0346
 0.0391
-0.1558
 0.0971
-0.0155
 0.0363
 0.0099
-0.0812
-0.0854
 0.0295
 0.0953
 0.0244
 0.0840
 0.0223
 0.0040
 0.0630
-0.0292
 0.0353
 0.1683
 0.2154
 0.1042
 0.0403
 0.0571
 0.0386
-0.0419
 0.0107
 0.0455
-0.0670
-0.1429
-0.1379
-0.1592
 0.0547
 0.0625
-0.1003
-0.1207
 0.0317
 0.0859
-0.0839
-0.0050
-0.0218
-0.0500
 0.0314
[torch.DoubleTensor of size 500x1]

